Title: Ultra-Diffuse Galaxies at Ultraviolet Wavelengths 
Authors: RS P., Zaritsky D., Donnerstein R., Spekkens K. 
Table: NUV-Undetected UDG Candidates Photometry
================================================================================
Byte-by-byte Description of file: ajab16f2t3_mrt.txt
--------------------------------------------------------------------------------
   Bytes Format Units  Label   Explanations
--------------------------------------------------------------------------------
   1- 18 A18    ---    Name    Galaxy Name in Catalog, SMDGHHMMSSS+DDMMSS (1)
  20- 23 F4.1   arcsec Rad     Half-light radius (1)
  25- 28 F4.1   mag    NUVmag  Limit, GALEX NUV AB magnitude, extinction corrected
  30- 33 F4.1   mag    rmag    r-band magnitude, extinction corrected (1)
  35- 38 F4.2   mag    E(B-V)  Adopted color excess, Galactic extinction (2)
  40- 43 F4.1   ---    SNR     signal-to-noise, calculated as described in text
--------------------------------------------------------------------------------
Note (1): Galaxy name, effective radius and r-band magnitude from the 
    Zaritsky et al. (2019ApJS..240....1Z) catalog.
Note (2): Magnitudes extinction corrected using reddening maps from 
    Schlafly & Finkbeiner (2011ApJ...737..103S).
--------------------------------------------------------------------------------
SMDG1212080+281630  5.6 22.7 20.9 0.02  1.7 
SMDG1212085+290348  6.1 25.6 19.7 0.02  0.1 
SMDG1212454+273506  5.4 23.6 20.7 0.02  0.8 
SMDG1213061+294551 10.6 20.9 18.0 0.02  4.6 
SMDG1213235+264641  6.4 23.3 20.6 0.02  0.9 
SMDG1213512+282109  5.5 22.4 19.8 0.01  2.2 
SMDG1214010+293203  6.3 22.8 20.8 0.02  1.3 
SMDG1214279+294033  6.1 22.4 20.6 0.02 -0.3 
SMDG1214418+274954  8.4 22.0 18.7 0.02 -0.0 
SMDG1214429+291508 11.3 22.7 18.6 0.02  0.9 
SMDG1215126+294835  5.4 22.6 21.5 0.02 -0.0 
SMDG1215164+263121 10.5 20.7 18.2 0.02  5.8 
SMDG1215479+291726 10.2 22.0 18.4 0.02  1.7 
SMDG1216389+265942 22.9 21.4 17.6 0.02  1.3 
SMDG1216389+292843  9.3 22.5 18.2 0.02  1.2 
SMDG1217123+280304  8.2 23.6 19.8 0.02  0.5 
SMDG1217185+283421  7.0 24.4 19.7 0.02  0.3 
SMDG1217203+300959  9.8 21.7 19.2 0.02  2.4 
SMDG1217267+275954  6.9 23.5 19.3 0.02  0.7 
SMDG1217280+305552  8.1 22.1 19.0 0.01 -0.4 
SMDG1217377+283520 13.1 21.8 18.1 0.02  1.6 
SMDG1217450+281725 10.3 22.8 18.8 0.02  0.8 
SMDG1218146+284650  5.4 22.8 20.6 0.02  1.6 
SMDG1218242+274244  8.6 22.6 19.3 0.02  1.1 
SMDG1218389+285049  8.3 22.0 20.4 0.02 -0.3 
SMDG1218529+312337  7.2 22.3 21.1 0.01 -0.3 
SMDG1219032+285404  8.0 21.6 18.6 0.02  3.2 
SMDG1219292+305047  5.3 24.3 19.7 0.02  0.4 
SMDG1219316+300246  6.1 22.4 22.2 0.02 -0.4 
SMDG1219425+283810  6.3 22.4 20.3 0.02 -2.1 
SMDG1219519+253343  6.8 22.3 20.1 0.02 -1.4 
SMDG1219551+302253  5.5 25.1 21.0 0.02  0.2 
SMDG1220096+282607  6.5 23.3 20.6 0.02  0.8 
SMDG1220189+323547  7.0 22.8 20.7 0.01  1.2 
SMDG1220210+290834  6.5 23.2 18.6 0.02  0.9 
SMDG1221086+292921 18.3 21.1 17.6 0.02  2.1 
SMDG1221219+295403  7.5 22.9 19.7 0.02  1.0 
SMDG1221254+280821  9.0 22.0 20.0 0.02 -1.1 
SMDG1221497+283112 21.4 24.3 17.9 0.02  0.1 
SMDG1221577+285307  5.9 22.4 20.0 0.02 -0.1 
SMDG1222081+320734  5.4 22.6 20.7 0.01 -0.1 
SMDG1222125+330920  8.6 22.1 19.0 0.01 -0.7 
SMDG1222129+301409  7.0 22.1 20.3 0.02  2.2 
SMDG1222131+301827  8.0 23.8 19.5 0.02  0.4 
SMDG1223083+290247  8.4 22.5 18.3 0.02  1.3 
SMDG1223092+283233 10.1 22.2 18.4 0.02  1.4 
SMDG1224081+280544 12.4 20.8 17.7 0.02  4.2 
SMDG1224165+291507  5.5 23.0 19.2 0.02  1.3 
SMDG1228096+300841  5.3 22.6 21.1 0.02 -1.3 
SMDG1228553+300223 11.4 21.8 19.4 0.01 -2.8 
SMDG1228597+304421  8.6 22.1 19.9 0.01 -0.3 
SMDG1230066+293358  5.7 25.1 20.5 0.02  0.2 
SMDG1231417+264433  6.7 22.3 19.6 0.02 -0.1 
SMDG1232320+201407  6.8 25.1 19.6 0.02  0.2 
SMDG1235422+263715  8.7 22.0 20.9 0.02 -1.6 
SMDG1235481+191535  6.9 23.1 20.3 0.02  0.9 
SMDG1236252+260318  5.4 26.0 21.3 0.01  0.1 
SMDG1236307+284134  6.4 22.1 19.5 0.02  2.6 
SMDG1236383+233223 14.9 21.5 19.2 0.01 -1.0 
SMDG1237428+263728  5.7 22.1 19.6 0.01  3.0 
SMDG1237460+241539  7.2 24.8 19.5 0.01  0.2 
SMDG1238305+274355  6.0 23.6 19.8 0.01  0.7 
SMDG1239136+282718 14.6 21.3 17.6 0.01  2.3 
SMDG1239474+195310  6.5 22.5 20.5 0.02  1.6 
SMDG1239502+244950 16.6 24.7 18.0 0.01  0.1 
SMDG1240530+321656 11.2 23.1 18.2 0.01  0.6 
SMDG1240591+292907  6.5 26.5 20.3 0.02  0.1 
SMDG1241436+261351  7.7 22.2 20.2 0.01 -0.2 
SMDG1242313+315809  9.0 22.9 18.4 0.01  0.9 
SMDG1242370+183152  7.2 22.7 19.4 0.02  1.2 
SMDG1242514+254921  6.7 22.4 20.0 0.01 -0.9 
SMDG1243081+255226  6.0 22.5 20.6 0.01 -0.6 
SMDG1245277+181802 75.2 17.1 15.0 0.01 23.1 
SMDG1245302+191013  7.4 21.9 19.3 0.01  2.7 
SMDG1245408+295233  5.8 22.5 21.1 0.02 -2.0 
SMDG1245546+264842  9.5 23.2 20.5 0.01  0.6 
SMDG1246113+265123  5.6 23.0 20.2 0.01  1.3 
SMDG1247231+180142 21.4 21.4 17.4 0.02  1.5 
SMDG1247380+331400  6.9 23.7 19.5 0.01  0.6 
SMDG1248045+175811  5.4 24.1 21.1 0.02  0.4 
SMDG1249292+193837  8.0 24.8 19.6 0.02  0.2 
SMDG1251013+274753  9.6 22.2 18.6 0.01  1.5 
SMDG1251450+263720  6.3 23.5 21.5 0.01  0.7 
SMDG1253048+253121 12.0 22.4 18.8 0.01  1.1 
SMDG1253392+271237  5.4 22.6 19.9 0.01 -0.0 
SMDG1253452+271142  5.3 24.1 19.9 0.01  0.5 
SMDG1254251+194332 14.9 20.9 17.1 0.02  3.4 
SMDG1254384+221709  6.8 22.0 21.2 0.03  2.3 
SMDG1254511+292606  5.6 23.4 19.7 0.01  0.9 
SMDG1254588+270648  5.9 23.7 19.6 0.01  0.7 
SMDG1255050+293516  8.5 21.9 19.9 0.01  2.5 
SMDG1255211+265604  6.4 22.8 20.0 0.01  1.5 
SMDG1255299+270940  5.3 24.8 20.0 0.01  0.3 
SMDG1255301+273451  6.3 25.3 20.8 0.01  0.1 
SMDG1255336+213036  6.0 24.1 19.5 0.03  0.4 
SMDG1255379+275255  5.5 26.5 21.1 0.01  0.1 
SMDG1255480+263353 11.3 21.7 19.9 0.01  2.3 
SMDG1255591+272554  6.3 23.7 20.2 0.01  0.6 
SMDG1256130+273250  8.6 22.9 20.5 0.01  1.0 
SMDG1256199+280804  5.9 24.0 19.8 0.01  0.5 
SMDG1256228+281955  9.0 22.0 20.6 0.01 -0.3 
SMDG1256284+273706  7.4 23.1 19.8 0.01  0.9 
SMDG1256296+282643  9.2 23.0 20.3 0.01  0.9 
SMDG1257017+282325  9.3 24.1 18.5 0.01  0.3 
SMDG1257112+273405  7.7 23.5 20.3 0.01  0.6 
SMDG1257190+270556  9.5 23.1 19.1 0.01  0.7 
SMDG1257243+262229  6.1 24.9 20.8 0.01  0.2 
SMDG1257243+274344  6.3 22.8 19.5 0.01  1.4 
SMDG1257428+264230  5.8 23.4 19.4 0.01  0.9 
SMDG1257448+281633  5.5 23.5 20.6 0.01  0.9 
SMDG1257515+274923  6.8 22.4 19.2 0.01 -0.0 
SMDG1258011+271126  7.9 22.5 19.6 0.01  1.5 
SMDG1258050+274359  9.0 24.8 19.3 0.01  0.2 
SMDG1258104+271912  7.9 23.4 19.5 0.01  0.7 
SMDG1258132+272522  8.2 23.2 19.0 0.01  0.8 
SMDG1258145+272429  6.7 23.3 19.0 0.01  0.9 
SMDG1258188+274711  5.8 25.5 20.2 0.01  0.1 
SMDG1258409+285702  6.0 23.6 20.2 0.01  0.7 
SMDG1258449+283912  6.2 22.5 20.3 0.01 -0.1 
SMDG1258473+280724  5.3 26.6 20.5 0.01  0.1 
SMDG1258513+232923  9.1 24.1 19.9 0.02  0.3 
SMDG1258545+273353  5.4 23.5 19.8 0.01  0.9 
SMDG1259088+275737  6.3 23.9 19.3 0.01  0.5 
SMDG1259106+275416  5.7 24.1 19.3 0.01  0.5 
SMDG1259163+281751  5.5 24.2 19.5 0.01  0.4 
SMDG1259294+283012  6.7 23.7 20.1 0.01  0.6 
SMDG1259305+274451  5.8 24.4 19.3 0.01  0.4 
SMDG1259413+273148  7.5 23.1 19.0 0.01  1.0 
SMDG1259487+274639  8.4 23.5 20.5 0.01  0.6 
SMDG1300202+271715  6.2 23.0 19.8 0.01  1.2 
SMDG1300205+274926  5.6 23.4 19.7 0.01  0.9 
SMDG1300206+274712  8.0 22.5 18.7 0.01  1.5 
SMDG1300279+283730  9.1 21.8 19.2 0.01  2.4 
SMDG1300312+270114  5.5 24.2 21.1 0.01  0.4 
SMDG1300473+264659  6.2 26.6 20.2 0.01  0.0 
SMDG1300580+265835 10.2 21.9 18.5 0.01 -0.1 
SMDG1301004+210356  6.8 22.3 19.3 0.07  1.4 
SMDG1301046+274440  5.6 23.8 19.6 0.01  0.7 
SMDG1301122+280816  6.4 23.4 19.4 0.01  0.8 
SMDG1301123+274525  7.5 23.1 19.3 0.01  0.9 
SMDG1301158+271238  8.7 24.3 18.6 0.01  0.3 
SMDG1301191+270316  7.0 22.3 20.1 0.01 -0.2 
SMDG1301200+282849  5.3 25.1 19.7 0.01  0.2 
SMDG1301303+282229  6.4 24.3 19.7 0.01  0.3 
SMDG1302019+280406  6.7 22.4 21.4 0.01 -0.1 
SMDG1302199+274515  5.8 24.4 20.2 0.01  0.4 
SMDG1302284+274821  7.1 25.9 19.3 0.01  0.1 
SMDG1302333+283451  7.7 22.2 19.9 0.01 -0.3 
SMDG1302425+285235  6.0 22.2 19.5 0.01  2.5 
SMDG1302578+274726  5.3 24.6 20.0 0.01  0.3 
SMDG1302581+300013  5.8 24.2 19.5 0.01  0.4 
SMDG1303451+282401  5.7 22.5 20.1 0.01  2.1 
SMDG1303567+280632  6.0 22.6 19.1 0.01  1.8 
SMDG1304212+282747  5.3 24.6 19.3 0.01  0.3 
SMDG1304250+210738  5.5 27.1 21.4 0.04  0.0 
SMDG1304300+260040  5.3 22.6 20.2 0.01 -0.1 
SMDG1304401+284718  6.1 22.5 19.3 0.01 -0.0 
SMDG1305166+292352  7.0 22.6 19.5 0.01  1.5 
SMDG1305333+230419  6.4 26.0 20.7 0.01  0.1 
SMDG1305380+275757  5.3 25.0 19.5 0.01  0.2 
SMDG1306049+274803  6.3 22.4 20.1 0.01 -0.2 
SMDG1306215+271604  5.8 23.3 19.8 0.01  1.0 
SMDG1307269+281026  5.3 24.6 20.2 0.01  0.3 
SMDG1307343+282114  7.7 23.6 17.8 0.01  0.6 
SMDG1308004+284358  5.7 24.4 19.8 0.01  0.4 
SMDG1308009+292059  5.4 23.0 20.6 0.01  1.4 
SMDG1308288+262558  6.9 23.8 20.0 0.01  0.5 
SMDG1308295+271354  5.6 23.6 19.0 0.01  0.8 
SMDG1308532+270958  6.5 22.4 20.3 0.01 -0.6 
SMDG1309116+212955  5.4 21.9 19.5 0.02  3.5 
SMDG1311062+193526  9.5 21.9 20.6 0.02 -0.1 
SMDG1311331+314934  6.7 22.4 20.8 0.01 -0.6 
SMDG1313343+261845  7.6 22.2 21.1 0.01 -1.2 
SMDG1317006+203521  8.3 22.6 18.3 0.02  1.1 
SMDG1317068+202215  7.7 23.5 20.5 0.02  0.6 
SMDG1321359+270852  5.6 23.4 20.7 0.01  0.9 
SMDG1321442+330703  7.0 22.2 20.7 0.02 -1.2 
SMDG1324014+314457  5.6 25.7 20.3 0.01  0.1 
SMDG1325468+320152  5.7 22.5 20.6 0.01 -1.5 
SMDG1328428+250722  7.2 22.9 20.1 0.01  1.2 
SMDG1332244+313331  5.8 22.8 20.7 0.01  1.5 
SMDG1332426+254046  6.5 24.2 20.5 0.01  0.4 
SMDG1335316+322828  6.9 25.4 20.3 0.01  0.1 
SMDG1335454+281225  5.7 22.5 20.5 0.01 -0.9 
SMDG1336045+325811  5.7 24.1 20.6 0.01  0.5 
SMDG1340388+255453  5.4 22.6 19.9 0.01 -0.6 
SMDG1341237+300632  8.1 23.1 20.7 0.01  0.8 
SMDG1342047+295239 12.9 21.6 18.4 0.02  2.0 
SMDG1342296+293819  5.5 22.5 20.0 0.02 -0.8 
