TEST CASES:


Subequation, align (sub_start, align_start, align_end, sub_end, [label])
(142,144,149,150,143)
(236,238,241,242,237)
(259,261,265,266,260)
(306,308,313,314,307)
(322,324,327,328,323)
(375,377,381,382,376)
(385,387,390,391,386)
(409,411,415,416,410)
(421,423,429,430,422)
(477,479,484,485,478)
(488,490,495,496,489)
(499,501,505,506,500)
(521,523,527,528,522)
(533,534,538,539,535)
(541,543,548,549,542)
(551,552,556,557,553)
(559,560,564,565,561)
(614,616,619,620,615)
(631,633,636,637,632)

Equation, pmatrix (eq_start, pmatrix_start, pmatrix_end, eq_end, [label])
(508,511,516,518,509)

Equation (eq_start, eq_end, [eq_label])
(156,159,157)
(162,166,163)
(221,224,222)
(287,291,288)
(335,339,336)
(341,344,342)
(353,356,354)
(568,571)
(573,575)
(577,579)
(589,591)
(593,595)
(622,625)
(652,655)

Commented Equation
(229,232,230)
(270,273,271)

IEEEeqnarray
(278,283)
(293,300,294)

Align
(346,351,347)
(584,587)

Eqnarray
(641,644,642)
(647,650,648)

Section
99
136
434
450
466
602

Subsection
125
191
201
207
217
249
405
439
444
447