1.17625098e+07
5.70860508e+05
5.47860513e+07
5.53452049e+06
6.00081171e+05
2.26506151e+06
1.74457643e+07
1.42780862e+06
3.39687840e+08
2.56856169e+06
1.84442075e+07
3.78172548e+08
2.10416601e+08
3.87730531e+08
1.03518984e+08
1.67162940e+08
4.40798390e+08
8.26799109e+08
4.37743796e+07
1.72119470e+06
2.40109863e+07
1.59723935e+07
3.06464377e+06
4.35702448e+05
3.76001866e+05
3.15435087e+06
1.84318955e+07
3.27446234e+08
2.44348682e+08
3.03493923e+08
5.72387314e+06
9.40459288e+07
1.16949939e+06
3.27574435e+08
8.34218852e+07
1.84565277e+08
8.24916518e+07
2.51524330e+06
1.97965723e+08
2.52842456e+08
3.14463323e+07
1.32586712e+08
4.52908008e+08
3.14340254e+08
1.22430606e+08
5.18274689e+08
5.04080619e+06
6.79845144e+06
1.13718206e+08
2.40591345e+08
1.89788547e+08
2.53617957e+07
1.91928735e+08
5.33580562e+08
7.19631226e+07
1.48497793e+08
1.22399600e+08
1.91928735e+08
1.58175786e+08
9.00658185e+07
1.25392049e+08
7.30667853e+07
2.75429212e+08
1.37031370e+08
3.92048684e+07
1.39672208e+08
3.48971532e+08
5.53821740e+07
